#size = 180
#hit = 196
-0.225,-0.234,-0.235,-0.235,-0.17,-0.069,-0.033,-0.139,-0.172,-0.142,0.055,0.005,-0.067,-0.079,-0.12,-0.127,-0.155,-0.18,-0.169,-0.172,-0.146,-0.172,-0.151,-0.074,-0.127,-0.142,-0.124,-0.163,-0.065,-0.057,-0.017,0.061,-0.022,0.012,0.033,0.117,0.166,0.272,0.108,-0.032,0.093,-0.026,0.049,0.196,0.211,0.618,0.363,0.089,0.124,0.096,0.001,0.046,0.022,0.021,0.074,0.238,-0.019,0.07,0.256,0.295,0.045,0.103,-0.046,-0.015,0.056,0.079,-0.02,0.186,0.177,0.051,0.05,0.005,0.106,0.304,0.125,0.149,0.136,0.212,0.389,0.078,0.224,0.368,0.562,0.327,0.311,0.215,0.192,0.281,0.642,0.353,0.38,0.246,0.195,0.107,0.069,0.075,0.051,0.071,0.265,0.173,0.066,0.096,0.028,0.108,0.002,-0.014,0.053,0.093,0.195,0.053,0.01,0.179,0.122,0.285,0.086,0.137,0.074,0.131,0.17,0.165,0.238,-0.022,0.192,0.644,0.023,-0.052,-0.06,-0.098,-0.125,-0.009,-0.051,-0.031,-0.067,-0.155,-0.151,-0.18,-0.153,-0.074,-0.082,-0.168,-0.216,-0.157,-0.094,-0.1,-0.13,-0.128,-0.147,-0.161,-0.181,-0.182,-0.211,-0.212,-0.232,-0.213,-0.223,-0.231,-0.229,-0.229,-0.21,-0.194,-0.233,-0.228,-0.218,-0.212,-0.244,-0.232,-0.248,-0.249,-0.26,-0.225,-0.256,-0.256,-0.248,-0.261,-0.26,-0.27,-0.24,-0.262,-0.263,-0.221

#size = 196
#hit = 171
-0.116,-0.111,-0.098,-0.073,-0.056,-0.062,-0.056,-0.031,-0.039,-0.014,0.285,0.046,0.079,0.078,0.035,0.04,-0.029,0.043,0,0.066,0.041,0.096,0.054,-0.009,0.036,0.104,0.074,0.147,0.099,0.149,0.175,0.25,0.093,0.098,0.158,0.294,0.16,0.059,0.167,0.107,0.2,0.045,0.028,0.052,0.041,0.103,0.054,0.118,0.069,0.055,0.063,0.212,0.269,0.246,0.292,0.161,0.184,0.196,0.151,0.149,0.101,0.066,0.097,0.092,0.089,0.155,0.187,0.147,0.267,0.237,0.204,0.145,0.021,0.091,0.057,0.078,0.11,0.093,0.137,0.056,0.107,0.464,0.035,0.074,0.021,-0,0.026,-0.012,0.057,0.088,-0.024,-0.054,0.03,0.05,0.045,0.101,0.012,0.108,0.236,0.071,0.133,0.04,-0.037,-0.056,-0.059,-0.084,0.004,-0.058,-0.005,-0.037,0.041,0.034,0.23,0.184,0.08,-0.028,-0.041,0.335,0.136,0.016,-0.088,-0.055,-0.093,-0.01,-0.01,-0.079,-0.084,-0.077,-0.039,-0.037,-0.11,-0.067,-0.119,-0.046,-0.066,-0.103,-0.106,-0.109,-0.154,-0.171,-0.161,-0.158,-0.128,-0.122,-0.142,-0.128,-0.158,-0.142,-0.154,-0.127,-0.135,-0.131,-0.102,-0.107,-0.124,-0.011,0.043,-0.089,-0.118,-0.132,-0.112,-0.144,-0.156,-0.137,-0.156,-0.172,-0.187,-0.172,-0.183,-0.156,-0.154,-0.169,-0.159,-0.161,-0.162,-0.139,-0.15,-0.16,-0.16,-0.173,-0.149,-0.187,-0.187,-0.191,-0.192,-0.191,-0.189,-0.18,-0.154,-0.139,-0.124,-0.129,-0.138,-0.135,-0.166,-0.162

#size = 189
#hit = 117
-0.115,-0.128,-0.114,-0.081,-0.075,-0.048,-0.068,-0.027,-0.02,-0.042,0.272,0.01,0.076,0.084,0.036,0.04,-0.035,0.045,0.002,0.06,0.044,0.098,0.052,-0.008,0.034,0.1,0.073,0.15,0.123,0.142,0.172,0.256,0.087,0.111,0.155,0.289,0.152,0.167,0.068,0.205,-0.005,0.075,0.056,0.018,0.105,0.056,0.116,0.097,0.053,0.064,0.21,0.262,0.253,0.283,0.122,0.168,0.192,0.158,0.149,0.07,0.022,0.124,0.085,0.156,0.114,0.195,0.198,0.263,0.252,0.153,0.051,0.094,0.064,0.084,0.11,0.09,0.129,0.066,0.112,0.473,0.102,0.034,0.006,0.024,-0.02,0.044,0.092,0.012,-0.048,0,0.061,0.048,0.097,0.026,0.102,0.232,0.077,0.136,0.032,-0.038,-0.041,-0.056,-0.079,0.005,-0.057,-0.004,-0.003,0.04,0.072,0.247,0.087,0.019,-0.032,-0.039,0.328,0.091,-0.077,-0.063,-0.073,-0.026,-0.005,-0.079,-0.079,-0.073,-0.04,-0.038,-0.108,-0.07,-0.112,-0.047,-0.085,-0.102,-0.096,-0.162,-0.152,-0.161,-0.156,-0.145,-0.126,-0.132,-0.126,-0.145,-0.142,-0.154,-0.127,-0.136,-0.131,-0.126,-0.098,-0.11,-0.095,0.042,-0.091,-0.117,-0.13,-0.112,-0.143,-0.149,-0.136,-0.157,-0.172,-0.172,-0.176,-0.161,-0.16,-0.153,-0.168,-0.158,-0.168,-0.139,-0.153,-0.162,-0.159,-0.174,-0.146,-0.179,-0.173,-0.19,-0.182,-0.192,-0.184,-0.181,-0.149,-0.123,-0.127,-0.13,-0.148,-0.138,-0.164

#size = 201
#hit = 113
-0.115,-0.112,-0.106,-0.073,-0.054,-0.065,-0.048,-0.028,-0.021,-0.019,0.271,0.008,0.084,0.096,0.004,0.03,0.025,0.019,0.046,0.028,0.076,0.132,0.016,0.059,-0.007,0.045,0.072,0.062,0.148,0.101,0.148,0.175,0.256,0.09,0.096,0.167,0.289,0.156,0.058,0.166,0.09,0.202,-0.005,0.073,0.061,0.018,0.101,0.055,0.12,0.099,0.05,0.049,0.212,0.184,0.269,0.226,0.286,0.12,0.187,0.198,0.145,0.154,0.094,0.071,0.155,0.1,0.146,0.141,0.185,0.149,0.262,0.228,0.189,0.159,0.026,0.09,0.06,0.096,0.113,0.092,0.136,0.064,0.104,0.47,0.061,0.096,0.035,-0.001,0.026,-0.002,0.045,0.083,0.015,-0.047,-0.011,0.019,0.047,0.049,0.103,0.104,0.038,0.224,0.148,0.041,0.035,-0.036,-0.054,-0.057,-0.078,0.003,-0.053,-0.004,-0.035,0.041,0.027,0.23,0.187,0.08,0.019,-0.041,-0.026,0.326,0.031,-0.077,-0.061,-0.07,-0.021,-0.004,-0.077,-0.076,-0.088,-0.046,-0.072,-0.038,-0.063,-0.102,-0.102,-0.049,-0.089,-0.122,-0.093,-0.155,-0.152,-0.167,-0.16,-0.152,-0.124,-0.115,-0.144,-0.127,-0.157,-0.138,-0.152,-0.125,-0.136,-0.13,-0.125,-0.101,-0.11,-0.114,0.044,-0.062,-0.117,-0.138,-0.104,-0.132,-0.144,-0.145,-0.137,-0.17,-0.17,-0.168,-0.173,-0.155,-0.163,-0.152,-0.169,-0.158,-0.167,-0.145,-0.142,-0.153,-0.16,-0.158,-0.173,-0.149,-0.186,-0.186,-0.189,-0.192,-0.193,-0.19,-0.185,-0.156,-0.135,-0.123,-0.135,-0.137,-0.166,-0.14,-0.162

#size = 165
#hit = 111
-0.219,-0.227,-0.223,-0.169,-0.187,-0.057,-0.064,-0.142,-0.166,-0.117,0.034,-0.032,-0.087,-0.12,-0.127,-0.132,-0.172,-0.164,-0.177,-0.15,-0.174,-0.168,-0.108,-0.109,-0.141,-0.125,-0.164,-0.076,-0.063,-0.035,0.036,-0.036,-0.01,0.014,0.084,0.135,0.226,0.014,-0.072,0.065,0.017,0.064,0.104,0.516,0.412,0.147,0.107,0.066,-0.013,0.021,0.007,0.01,0.043,0.111,0.095,0.008,0.214,0.239,0.022,0.08,-0.053,-0.03,0.033,0.071,-0.041,0.149,0.149,0.028,0.024,-0.015,0.279,0.117,0.086,0.114,0.152,0.33,0.101,0.169,0.289,0.5,0.429,0.262,0.216,0.139,0.106,0.538,0.346,0.385,0.184,0.184,0.135,0.042,0.054,0.025,0.046,0.241,0.147,0.036,0.077,-0.036,0.088,-0.021,0.031,0.057,0.163,0.029,0.023,0.075,0.148,0.171,0.159,0.037,0.088,0.108,0.117,0.098,0.242,0.044,-0.011,0.55,0.252,-0.056,-0.079,-0.106,-0.099,-0.091,-0.021,-0.047,-0.077,-0.147,-0.182,-0.178,-0.152,-0.078,-0.145,-0.173,-0.178,-0.157,-0.107,-0.117,-0.122,-0.143,-0.153,-0.187,-0.177,-0.185,-0.208,-0.207,-0.205,-0.214,-0.231,-0.221,-0.22,-0.198,-0.191,-0.228,-0.224,-0.207,-0.21,-0.235,-0.225,-0.238,-0.237,-0.249,-0.217

#size = 178
#hit = 98
0.028,0.037,0.034,0.106,0.029,0.042,0.114,0.07,0.1,0.161,0.197,0.135,0.231,0.216,0.294,0.21,0.205,0.116,0.111,0.178,0.109,0.011,0.067,0.071,0.214,0.212,0.054,0.184,0.184,0.131,0.063,0.047,0.068,0.018,-0.018,0.033,0.051,0.048,0.072,0.018,-0.034,-0.027,-0,-0.003,0.172,0.177,0.143,0.091,0.086,0.033,0.078,-0.02,0.029,0.021,-0.013,-0.033,0.141,0.02,-0.072,-0.056,-0.061,-0.022,-0.029,-0.073,-0.082,-0.078,-0.081,-0.104,-0.076,-0.087,-0.078,0.283,0.227,0.02,-0.035,0.072,0.033,0.004,0.022,-0.054,-0.016,-0.033,-0.029,-0.02,-0.062,-0.034,0.006,-0.065,-0.059,-0.053,-0.043,-0.045,-0.024,-0.024,-0.062,0.011,-0.026,0.01,-0.029,-0.033,-0.021,-0.007,0.044,-0.05,-0.03,-0.016,-0.03,-0.048,-0.088,-0.09,-0.08,-0.095,0.02,-0.085,-0.065,-0.056,-0.02,-0.067,-0.046,-0.019,-0.035,-0.084,-0.078,-0.069,-0.016,-0.047,-0.011,0.138,0.507,0.109,-0.004,0.048,0.008,-0.042,0.04,-0.025,-0.064,-0.057,-0.089,-0.077,-0.083,-0.099,-0.095,-0.097,-0.072,-0.085,-0.041,-0.087,-0.071,-0.041,-0.073,-0.06,-0.087,-0.099,-0.119,-0.116,-0.087,-0.095,-0.058,-0.042,-0.111,-0.118,-0.124,-0.108,-0.118,-0.086,-0.112,-0.124,-0.133,-0.125,-0.1,-0.115,-0.109,-0.017,-0.032,-0.107,-0.124,-0.093

#size = 200
#hit = 98
-0.159,-0.184,-0.155,-0.119,-0.106,-0.057,-0.071,-0.031,-0.019,0.005,0.437,0.061,0.125,0.127,0.065,0.092,0.052,0.076,0.02,0.11,0.209,0.047,0.1,0.064,0.181,0.077,0.128,0.235,0.193,0.172,0.421,0.203,0.122,0.254,0.479,0.247,0.103,0.265,0.206,0.302,0.087,0.074,0.091,0.076,0.167,0.193,0.159,0.088,0.087,0.335,0.292,0.414,0.366,0.44,0.273,0.31,0.242,0.221,0.229,0.125,0.222,0.108,0.241,0.198,0.286,0.307,0.446,0.353,0.304,0.199,0.132,0.09,0.138,0.182,0.129,0.229,0.101,0.173,0.721,0.06,0.129,0.043,0.011,0.053,0.004,0.137,0.033,-0.031,-0.001,0.04,0.08,0.122,0.134,0.186,0.061,0.344,0.23,0.031,0.05,-0.04,-0.077,-0.098,0.022,-0.074,0.007,0.026,0.077,0.121,0.391,0.144,0.046,-0.018,-0.041,0.513,0.223,-0.087,-0.081,-0.092,-0.018,0,-0.108,-0.112,-0.105,-0.051,-0.043,-0.152,-0.084,-0.166,-0.06,-0.115,-0.141,-0.124,-0.219,-0.218,-0.232,-0.228,-0.19,-0.182,-0.182,-0.18,-0.206,-0.196,-0.216,-0.18,-0.194,-0.184,-0.14,-0.146,-0.172,-0,0.086,-0.12,-0.166,-0.145,-0.185,-0.204,-0.211,-0.192,-0.244,-0.245,-0.245,-0.25,-0.218,-0.236,-0.219,-0.236,-0.225,-0.231,-0.193,-0.221,-0.228,-0.229,-0.247,-0.214,-0.269,-0.269,-0.271,-0.285,-0.275,-0.271,-0.239,-0.227,-0.173,-0.182,-0.195,-0.233,-0.197,-0.235,-0.24,-0.234,-0.247,-0.261,-0.271,-0.268,-0.281,-0.276,-0.256,-0.263,-0.264,-0.243

#size = 174
#hit = 96
0.028,0.045,0.034,0.123,0.072,0.052,0.138,0.079,0.115,0.19,0.234,0.156,0.281,0.257,0.344,0.293,0.24,0.116,0.218,0.182,0.082,0.032,0.078,0.103,0.253,0.246,0.228,0.203,0.196,0.154,0.022,0.082,0.016,-0.007,-0.028,0.06,0.043,0.072,0.034,-0.016,-0.042,0.001,-0.017,0.202,0.2,0.138,0.166,0.106,0.038,0.088,-0.025,0.035,0.027,-0.013,-0.036,0.169,0.01,-0.085,-0.065,-0.07,-0.026,-0.041,-0.091,-0.092,-0.105,-0.099,-0.121,-0.089,-0.103,-0.092,0.365,0.082,-0.011,0.083,0.049,-0,-0.045,0.027,-0.02,-0.065,-0.035,-0.027,-0.075,-0.038,0.022,-0.042,-0.072,-0.065,-0.053,-0.05,-0.026,-0.027,-0.071,0.014,-0.023,0.021,-0.046,-0.055,-0.026,-0.009,0.05,-0.077,-0.032,-0.018,-0.047,-0.083,-0.095,-0.097,-0.098,-0.109,0.026,-0.081,-0.071,-0.065,-0.028,-0.055,-0.018,-0.03,-0.091,-0.097,-0.077,-0.085,-0.014,-0.07,0.038,0.586,0.198,0.008,0.057,0.007,-0.049,0.05,-0.019,-0.076,-0.068,-0.103,-0.09,-0.096,-0.108,-0.119,-0.116,-0.085,-0.101,-0.052,-0.083,-0.119,-0.05,-0.082,-0.067,-0.104,-0.115,-0.138,-0.127,-0.107,-0.109,-0.043,-0.103,-0.144,-0.14,-0.127,-0.142,-0.103,-0.116,-0.146,-0.147,-0.148,-0.118,-0.134,-0.133,-0.048,-0.031,-0.125,-0.145,-0.11

#size = 145
#hit = 94
-0.168,-0.123,-0.126,-0.158,-0.142,-0.184,-0.119,-0.096,-0.046,-0.037,-0.02,-0.032,-0.044,0.044,0.087,0.129,0.125,-0.035,-0.072,0.037,-0.006,0.031,0.062,0.46,0.406,0.202,-0.007,0.087,0,-0.036,-0.007,-0.02,-0.023,0.03,0.158,-0.064,-0.02,0.169,0.192,-0.006,0.04,-0.003,-0.043,0.002,0.024,-0.014,0.109,0.056,0.104,-0.021,-0.018,-0.028,0.227,0.068,0.02,0.081,0.072,0.277,0.068,0.098,0.125,0.262,0.412,0.25,0.214,0.111,0.115,0.184,0.495,0.248,0.317,0.145,0.139,0.102,0.017,0.022,-0.046,0.008,0.178,0.142,0.014,0.05,-0.032,0.024,-0.006,-0.042,-0.022,0.026,0.127,0.007,-0.008,0.032,0.109,0.136,0.139,0.012,0.071,-0.053,0.071,0.088,0.093,0.161,-0.058,0.049,0.483,-0.023,-0.081,-0.087,-0.122,-0.121,-0.111,-0.047,-0.124,-0.06,-0.17,-0.17,-0.192,-0.166,-0.195,-0.088,-0.167,-0.184,-0.182,-0.173,-0.119,-0.131,-0.138,-0.17,-0.164,-0.191,-0.189,-0.194,-0.216,-0.213,-0.228,-0.221,-0.224,-0.233,-0.229,-0.239,-0.211,-0.201,-0.235,-0.234,-0.215

#size = 187
#hit = 89
-0.039,-0.055,-0.063,-0.008,-0.048,-0.042,-0.048,-0.002,0.063,0.013,0.082,0.161,0.07,0.113,0.108,0.04,0.02,0.022,0.044,0.025,0.125,0.061,0.048,0.14,0.12,0.107,0.181,0.259,0.145,0.299,0.347,0.162,0.307,0.156,0.126,0.216,0.143,0.012,0.078,0.029,0.297,0.248,0.212,0.079,0.206,0.148,0.023,0.087,-0.018,0.035,0.013,0.051,0.109,0.08,0.031,-0.02,-0.038,0.006,0.024,0.345,0.227,0.208,0.167,0.138,0.071,0.081,0.112,0.029,0.033,0.027,0.145,0.132,-0.084,-0.059,-0.056,-0.032,-0.024,-0.063,-0.091,-0.087,-0.096,-0.136,-0.112,-0.11,-0.109,0.392,0.08,-0.014,0.084,0.032,-0.001,0.023,0.004,-0.031,-0.053,-0.049,-0.039,-0.081,-0.044,0.004,-0.092,-0.071,-0.062,-0.057,-0.055,-0.037,-0.037,-0.082,0.008,-0.053,0.014,-0.049,-0.035,-0.017,0.04,-0.068,-0.045,-0.027,-0.055,-0.082,-0.105,-0.11,-0.112,-0.015,-0.037,-0.091,-0.083,-0.07,-0.047,-0.065,-0.041,-0.054,-0.115,-0.104,-0.09,-0.029,-0.066,-0.026,0.188,0.614,0.049,0.029,0.04,-0.019,0.043,-0.028,-0.083,-0.079,-0.12,-0.104,-0.108,-0.129,-0.127,-0.131,-0.098,-0.115,-0.068,-0.095,-0.133,-0.059,-0.096,-0.093,-0.13,-0.127,-0.152,-0.123,-0.125,-0.084,-0.054,-0.144,-0.154,-0.161,-0.143,-0.121,-0.126,-0.152,-0.163,-0.169,-0.145,-0.133,-0.15,-0.057,-0.038,-0.126,-0.161,-0.125,-0.144

#size = 181
#hit = 72
0.018,0.033,0.039,0.038,0.111,0.056,0.079,0.115,0.097,0.088,0.176,0.236,0.118,0.252,0.234,0.317,0.265,0.207,0.109,0.198,0.155,0.067,0.031,0.074,0.075,0.23,0.229,0.07,0.203,0.196,0.135,0.07,0.053,0.075,0.017,-0.017,0.033,0.051,0.056,0.066,0.031,-0.037,-0.035,-0.002,-0.014,0.182,0.193,0.099,0.152,0.082,0.046,0.082,-0.012,0.028,-0.005,0.023,-0.012,0.148,0.126,-0.085,-0.067,-0.06,-0.031,-0.026,-0.053,-0.082,-0.086,-0.097,-0.089,-0.111,-0.079,-0.094,-0.08,0.36,0.073,-0.012,0.044,0.045,0.04,0.005,0.029,-0.015,-0.055,-0.031,-0.062,-0.027,-0.06,-0.035,0.016,-0.072,-0.063,-0.057,-0.049,-0.046,-0.023,-0.026,-0.063,0.016,-0.03,0.012,-0.032,-0.036,-0.024,-0.026,0.049,-0.051,-0.031,-0.017,-0.019,-0.051,-0.096,-0.096,-0.087,-0.09,0.024,-0.08,-0.071,-0.065,-0.054,-0.032,-0.05,-0.014,-0.034,-0.089,-0.087,-0.075,-0.081,-0.015,-0.047,-0.007,0.172,0.527,0.048,0.013,0.045,0.006,0.043,0.009,-0.063,-0.06,-0.078,-0.091,-0.082,-0.086,-0.102,-0.109,-0.106,-0.077,-0.091,-0.048,-0.08,-0.095,-0.044,-0.075,-0.061,-0.095,-0.101,-0.124,-0.117,-0.096,-0.103,-0.031,-0.067,-0.12,-0.127,-0.133,-0.115,-0.128,-0.093,-0.121,-0.133,-0.143,-0.136,-0.108,-0.122,-0.12,-0.041,-0.028,-0.105,-0.131,-0.1

#size = 195
#hit = 65
-0.243,-0.244,-0.246,-0.18,-0.131,-0.025,-0.119,-0.162,-0.183,-0.059,0.07,0.022,-0.084,-0.106,-0.121,-0.127,-0.165,-0.183,-0.173,-0.188,-0.15,-0.18,-0.174,-0.123,-0.102,-0.15,-0.123,-0.173,-0.151,-0.062,-0.051,-0.018,0.072,-0.014,0.025,0.042,0.124,0.196,0.303,0.125,0.025,0.109,0.034,0.057,0.093,0.145,0.641,0.612,0.264,0.055,0.183,0.059,0.012,0.068,0.035,0.022,0.092,0.171,0.133,0.027,0.185,0.393,0.001,0.055,0.138,0.015,-0.009,0.071,0.102,-0.023,0.204,0.19,0.058,0.062,-0.037,0.019,0.348,0.163,0.048,0.165,0.217,0.425,0.153,0.185,0.301,0.412,0.619,0.408,0.35,0.211,0.222,0.167,0.68,0.453,0.333,0.333,0.286,0.189,0.117,0.09,0.023,0.072,0.226,0.24,0.213,0.073,0.113,0.042,0.123,0.012,-0.009,0.068,0.118,0.235,0.067,0.049,0.135,0.204,0.235,0.226,0.07,0.142,-0.012,0.164,0.186,0.186,0.312,0.008,0.018,0.694,0.329,-0.019,-0.059,-0.121,-0.088,-0.146,0.008,-0.099,-0.026,-0.065,-0.144,-0.189,-0.181,-0.154,-0.073,-0.074,-0.172,-0.198,-0.158,-0.141,-0.09,-0.112,-0.119,-0.138,-0.156,-0.187,-0.187,-0.191,-0.219,-0.219,-0.235,-0.226,-0.232,-0.24,-0.246,-0.236,-0.22,-0.198,-0.228,-0.251,-0.234,-0.211,-0.251,-0.244,-0.255,-0.248,-0.264,-0.264,-0.231,-0.265,-0.267,-0.254,-0.28,-0.269,-0.28,-0.25,-0.268,-0.274,-0.23,-0.269,-0.282,-0.27,-0.262,-0.274,-0.245

#size = 165
#hit = 51
0.02,0.033,0.03,0.09,0.026,0.038,0.115,0.088,0.067,0.142,0.196,0.119,0.207,0.259,0.188,0.187,0.115,0.09,0.162,0.096,0.008,0.059,0.064,0.188,0.19,0.165,0.038,0.169,0.116,0.015,0.059,0.013,-0.017,-0,0.049,0.044,0.052,0.011,-0.028,-0.007,-0.025,-0.003,0.152,0.153,0.13,0.096,0.035,0.067,0.006,0.021,-0.005,0.017,-0.03,0.127,0.042,-0.066,-0.05,-0.057,-0.02,-0.034,-0.07,-0.071,-0.079,-0.078,-0.094,-0.069,-0.086,0.018,0.313,0.021,-0.011,0.059,0.029,0.003,0.02,-0.015,-0.035,-0.028,-0.053,-0.022,-0.053,-0.026,0.005,-0.055,-0.052,-0.037,-0.034,-0.021,-0.033,-0.048,0.013,-0.025,0.015,-0.033,-0.044,-0.02,0.043,0.008,-0.054,-0.015,-0.018,-0.039,-0.081,-0.084,-0.075,-0.081,0.013,-0.079,-0.054,-0.05,-0.017,-0.048,-0.02,-0.023,-0.054,-0.073,-0.062,-0.068,-0.008,-0.051,0.033,0.434,0.142,-0.007,0.034,0.002,-0.041,0.035,-0.054,-0.052,-0.067,-0.077,-0.071,-0.075,-0.086,-0.092,-0.066,-0.077,-0.039,-0.076,-0.065,-0.04,-0.065,-0.054,-0.08,-0.087,-0.106,-0.097,-0.081,-0.082,-0.034,-0.08,-0.111,-0.107,-0.098,-0.107,-0.078,-0.1,-0.112,-0.12,-0.107,-0.091,-0.102,-0.093,-0.023

#size = 180
#hit = 38
-0.033,-0.058,-0.003,-0.023,-0.043,-0.025,-0.042,-0,0.073,0.064,0.149,0.108,0.028,0.119,0.096,0.042,0.016,0.041,0.04,0.133,0.068,0.055,0.133,0.118,0.095,0.186,0.269,0.206,0.244,0.36,0.259,0.259,0.158,0.223,0.174,0.076,0.032,0.08,0.087,0.33,0.064,0.228,0.226,0.151,0.076,0.083,-0.011,0.015,-0.014,0.04,0.051,0.068,0.032,-0.029,-0.042,-0.005,-0.007,0.207,0.224,0.176,0.094,0.05,0.089,-0.016,0.035,0.024,-0.018,-0.017,0.172,-0.02,-0.09,-0.067,-0.03,-0.051,-0.064,-0.099,-0.102,-0.113,-0.132,-0.097,-0.111,-0.102,0.391,0.083,-0.012,0.086,0.042,0.002,0.026,-0.057,-0.02,-0.037,-0.035,-0.085,-0.064,-0.017,-0.002,-0.078,-0.066,-0.059,-0.062,-0.032,-0.033,-0.073,0.011,-0.049,0.017,-0.042,-0.031,-0.02,0.06,-0.063,-0.037,-0.021,-0.054,-0.088,-0.115,-0.101,-0.107,0.016,-0.11,-0.081,-0.073,-0.033,-0.064,-0.039,-0.043,-0.098,-0.101,-0.087,-0.086,-0.024,-0.03,0.185,0.607,0.056,0.015,0.05,0.01,0.047,-0.024,-0.078,-0.073,-0.113,-0.098,-0.106,-0.12,-0.129,-0.125,-0.091,-0.055,-0.068,-0.09,-0.057,-0.093,-0.075,-0.114,-0.12,-0.147,-0.136,-0.116,-0.117,-0.049,-0.113,-0.149,-0.157,-0.136,-0.119,-0.116,-0.148,-0.157,-0.16,-0.137,-0.126,-0.144,-0.053,-0.034,-0.136,-0.141,-0.117

#size = 127
#hit = 29
-0.145,-0.143,-0.161,-0.101,-0.094,-0.045,-0.018,-0.047,-0.057,0.019,0.07,0.146,0.023,-0.076,0.023,-0.058,-0.019,0.091,0.394,0.346,0.167,0.053,0.008,-0.049,-0.042,-0.019,-0.028,0.009,0.054,0.036,-0.033,0.136,0.16,-0.021,0.025,-0.067,-0.064,0.008,-0.031,0.081,0.032,0.082,-0.032,-0.031,-0.045,0.194,0.035,0.019,0.072,0.103,0.232,0.068,0.091,0.213,0.357,0.239,0.152,0.073,0.055,0.399,0.383,0.204,0.211,0.12,0.074,0.001,0.001,-0.018,0.073,0.107,0.096,-0.009,0.027,-0.062,0.031,-0.059,-0.015,0.006,0.089,-0.014,-0.021,0.037,0.1,0.156,0.013,0.04,-0.013,0.056,0.026,0.159,0.047,-0.068,0.423,0.18,-0.065,-0.093,-0.138,-0.12,-0.121,-0.044,-0.078,-0.103,-0.164,-0.166,-0.182,-0.165,-0.104,-0.147,-0.18,-0.177,-0.169,-0.122,-0.133,-0.139,-0.163,-0.172,-0.195,-0.196,-0.192,-0.213,-0.209,-0.211,-0.216,-0.226,-0.218,-0.202,-0.195

#size = 182
#hit = 26
-0.052,-0.061,-0.005,-0.047,-0.052,-0.03,-0.004,-0.051,0.071,0.071,0.17,0.098,0.122,0.111,0.048,0.022,0.026,0.045,0.035,0.125,0.055,0.042,0.163,0.117,0.122,0.201,0.283,0.211,0.262,0.371,0.264,0.269,0.172,0.229,0.178,0.077,0.033,0.081,0.086,0.301,0.185,0.233,0.23,0.157,0.08,0.075,0.082,0.016,-0.016,0.033,0.053,0.072,0.073,0.009,-0.053,-0.005,-0.021,0.219,0.222,0.178,0.117,0.106,0.045,0.061,0.007,0.03,0.02,-0.021,0.177,0.056,-0.099,-0.077,-0.086,-0.032,-0.052,-0.104,-0.106,-0.116,-0.118,-0.137,-0.1,-0.132,0.37,0.258,0.018,-0.031,0.088,0.038,0.003,0.023,-0.016,-0.072,-0.04,-0.04,-0.084,-0.042,-0.006,-0.093,-0.081,-0.068,-0.059,-0.055,-0.037,-0.037,-0.082,0.012,-0.054,0.016,-0.046,-0.032,-0.016,0.056,-0.09,-0.041,-0.027,-0.06,-0.106,-0.12,-0.109,-0.113,0.015,-0.102,-0.091,-0.079,-0.031,-0.07,-0.066,-0.037,-0.056,-0.107,-0.093,-0.101,-0.029,-0.02,0.049,0.619,0.15,-0.004,0.053,0,0.048,0.007,-0.08,-0.079,-0.097,-0.103,-0.112,-0.115,-0.127,-0.132,-0.098,-0.115,-0.058,-0.096,-0.135,-0.058,-0.094,-0.086,-0.131,-0.123,-0.156,-0.12,-0.126,-0.048,-0.088,-0.149,-0.158,-0.144,-0.159,-0.116,-0.13,-0.163,-0.168,-0.168,-0.135,-0.152,-0.144,-0.034,-0.087,-0.154,-0.137,-0.124

#size = 172
#hit = 24
0.019,0.03,0.042,0.041,0.119,0.056,0.124,0.12,0.11,0.123,0.186,0.259,0.272,0.109,0.339,0.246,0.25,0.138,0.212,0.174,0.076,0.031,0.075,0.086,0.249,0.24,0.213,0.198,0.242,0.141,0.02,0.077,0.016,-0.024,-0.004,0.056,0.053,0.066,0.031,-0.043,-0.042,-0.005,-0.008,0.196,0.208,0.162,0.107,0.098,0.025,0.094,0.006,0.03,0.023,-0.016,0.146,0.131,-0.086,-0.067,-0.076,-0.027,-0.05,-0.062,-0.096,-0.093,-0.1,-0.124,-0.092,-0.104,-0.103,0.34,0.248,-0.014,0.043,0.046,0.037,-0.005,0.022,-0.02,-0.067,-0.039,-0.027,-0.076,-0.041,-0.018,-0.001,-0.073,-0.061,-0.054,-0.055,-0.028,-0.031,-0.072,0.014,-0.038,0.02,-0.041,-0.058,-0.028,0.048,0.012,-0.07,-0.021,-0.023,-0.051,-0.103,-0.106,-0.1,-0.102,0.014,-0.094,-0.076,-0.071,-0.058,-0.036,-0.058,-0.031,-0.041,-0.101,-0.089,-0.076,-0.022,-0.055,-0.018,0.178,0.58,0.053,0.031,0.049,0.012,0.044,-0.021,-0.074,-0.069,-0.091,-0.093,-0.099,-0.103,-0.114,-0.117,-0.087,-0.104,-0.054,-0.089,-0.107,-0.05,-0.084,-0.072,-0.108,-0.11,-0.138,-0.128,-0.108,-0.112,-0.043,-0.103,-0.145,-0.141,-0.127,-0.143,-0.105,-0.127,-0.149,-0.157,-0.143,-0.12,-0.137,-0.13,-0.03,-0.078,-0.128,-0.129,-0.112

#size = 193
#hit = 21
-0.063,-0,-0.021,-0.046,-0.029,-0.043,0.001,0.077,-0.019,0.09,0.172,0.105,0.124,0.04,0.107,0.045,0.019,0.044,0.041,0.05,0.139,0.063,0.116,0.147,0.127,0.122,0.212,0.295,0.221,0.269,0.394,0.275,0.272,0.176,0.131,0.24,0.156,0.08,0.076,0.045,0.094,0.352,0.069,0.238,0.228,0.158,0.15,0.064,0.087,0.019,-0.028,-0.006,0.064,0.05,0.086,0.036,-0.026,-0.047,-0.003,-0.023,0.225,0.228,0.154,0.174,0.11,0.037,0.099,-0.017,0.038,0.025,-0.02,-0.045,0.19,0.026,-0.098,-0.076,-0.084,-0.032,-0.05,-0.099,-0.111,-0.108,-0.111,-0.138,-0.1,-0.117,-0.107,0.39,0.258,0.02,-0.029,0.091,0.041,0.001,0.025,-0.034,-0.055,-0.042,-0.072,-0.033,-0.08,-0.043,0.012,-0.091,-0.068,-0.074,-0.057,-0.061,-0.033,-0.034,-0.081,0.015,-0.051,0.024,-0.048,-0.069,-0.03,0.048,0.02,-0.094,-0.024,-0.024,-0.058,-0.096,-0.109,-0.11,-0.114,-0.123,0.021,-0.095,-0.077,-0.075,-0.031,-0.069,-0.051,-0.036,-0.105,-0.112,-0.091,-0.101,-0.019,-0.066,-0.023,0.208,0.637,0.006,0.017,0.054,-0.012,0.05,-0.024,-0.081,-0.077,-0.102,-0.103,-0.114,-0.118,-0.127,-0.131,-0.098,-0.113,-0.059,-0.101,-0.095,-0.066,-0.078,-0.073,-0.115,-0.132,-0.116,-0.157,-0.13,-0.123,-0.096,-0.038,-0.131,-0.159,-0.165,-0.145,-0.157,-0.116,-0.146,-0.166,-0.178,-0.17,-0.135,-0.152,-0.147,-0.035,-0.045,-0.143,-0.162,-0.124

#size = 136
#hit = 15
-0.168,-0.142,-0.119,-0.143,-0.134,-0.152,-0.153,-0.089,-0.069,-0.035,-0.019,-0.035,-0.043,0.039,0.086,0.165,0.044,-0.062,0.045,-0.063,-0.012,0.111,0.405,0.395,0.188,-0.008,0.087,-0.018,-0.04,-0.004,-0.027,-0.038,0.094,0.052,-0.024,0.118,0.226,-0.004,0.029,-0.043,-0.041,0.003,0.026,-0.064,0.1,0.091,-0.003,-0.005,-0.036,0.204,0.064,0.022,0.073,0.106,0.258,0.063,0.114,0.237,0.386,0.275,0.202,0.157,0.106,0.1,0.459,0.231,0.256,0.146,0.101,0.026,0.016,-0.042,0.004,0.123,0.126,0.104,0.04,-0.024,0.039,-0.039,-0.044,-0.003,0.028,0.111,0.003,-0.036,0.096,0.121,0.119,0.025,0.057,-0.054,0.075,0.042,0.183,0.025,-0.059,0.444,0.189,-0.051,-0.083,-0.13,-0.118,-0.097,-0.047,-0.065,-0.092,-0.16,-0.155,-0.178,-0.156,-0.092,-0.137,-0.173,-0.178,-0.157,-0.114,-0.126,-0.13,-0.147,-0.158,-0.184,-0.188,-0.182,-0.205,-0.192,-0.206,-0.209,-0.217,-0.214,-0.216,-0.2,-0.188,-0.219,-0.211,-0.196

#size = 138
#hit = 10
-0.16,-0.146,-0.09,-0.082,-0.063,-0.009,-0.074,-0.035,-0.015,0.038,0.08,0.145,0.024,-0.062,0.03,-0.067,-0.01,0.101,0.017,0.391,0.17,0.057,0.043,0.017,-0.042,-0.01,-0.027,-0.026,-0.039,0.01,0.122,-0.054,0.052,0.206,-0.047,-0.01,0.034,-0.049,-0.054,0.009,0.019,-0.063,0.086,0.08,-0.006,-0.009,-0.054,0.005,0.192,0.043,0.031,0.075,0.102,0.231,0.015,0.111,0.216,0.35,0.273,0.175,0.143,0.086,0.062,0.281,0.402,0.201,0.241,0.127,0.084,0.024,0.011,-0.037,-0.008,0.098,0.125,0.09,0.005,0.024,-0.021,0.034,-0.038,-0.048,-0.008,0.021,0.104,0.003,-0.011,0.044,0.082,0.151,0.053,0.023,0.047,-0.02,0.071,0.006,0.165,0.018,-0.058,0.407,0.186,-0.053,-0.089,-0.114,-0.112,-0.15,-0.045,-0.089,-0.063,-0.093,-0.15,-0.153,-0.175,-0.149,-0.092,-0.097,-0.157,-0.189,-0.151,-0.135,-0.101,-0.139,-0.125,-0.145,-0.157,-0.184,-0.169,-0.175,-0.192,-0.191,-0.201,-0.192,-0.219,-0.206,-0.201,-0.192,-0.187,-0.182

#size = 205
#hit = 9
-0.131,-0.128,-0.139,-0.098,-0.089,-0.046,-0.056,-0.025,-0.014,-0.026,0.356,0.059,0.105,0.109,0.053,0.074,-0.013,0.069,0.013,0.1,0.08,0.125,0.077,0.012,0.062,0.141,0.103,0.194,0.137,0.201,0.23,0.335,0.123,0.143,0.207,0.373,0.208,0.221,0.158,0.179,0.244,0.073,0.08,0.031,0.059,0.143,0.162,0.133,0.081,0.078,0.277,0.239,0.362,0.294,0.367,0.234,0.268,0.212,0.17,0.194,0.1,0.128,0.171,0.138,0.223,0.206,0.234,0.265,0.344,0.254,0.198,0.078,0.117,0.073,0.121,0.15,0.13,0.182,0.085,0.148,0.609,0.045,0.097,0.039,0.01,0.042,-0.005,0.105,0.118,-0.026,-0.053,0.052,0.075,0.068,0.139,0.153,0.051,0.287,0.22,0.056,0.059,-0.046,-0.056,-0.063,-0.007,-0.024,-0.02,0.003,0.047,0.015,0.275,0.306,0.121,0.04,-0.02,-0.038,0.422,0.053,-0.085,-0.068,-0.077,-0.017,0.004,-0.087,-0.095,-0.076,-0.047,-0.034,-0.136,-0.066,-0.141,-0.048,-0.062,-0.117,-0.12,-0.107,-0.181,-0.202,-0.191,-0.186,-0.148,-0.139,-0.151,-0.148,-0.182,-0.162,-0.187,-0.147,-0.155,-0.155,-0.116,-0.122,-0.138,0.074,-0.024,-0.097,-0.143,-0.117,-0.155,-0.17,-0.179,-0.159,-0.197,-0.206,-0.205,-0.209,-0.186,-0.193,-0.181,-0.201,-0.188,-0.202,-0.158,-0.173,-0.186,-0.189,-0.205,-0.178,-0.222,-0.223,-0.227,-0.23,-0.234,-0.228,-0.223,-0.201,-0.16,-0.144,-0.145,-0.162,-0.16,-0.198,-0.193,-0.208,-0.194,-0.206,-0.216,-0.23,-0.224,-0.232,-0.232,-0.215,-0.219,-0.229,-0.203

#size = 179
#hit = 5
0.031,0.039,0.036,0.111,0.026,0.046,0.126,0.075,0.103,0.162,0.209,0.13,0.242,0.222,0.306,0.22,0.226,0.138,0.11,0.19,0.111,0.01,0.069,0.033,0.222,0.217,0.055,0.194,0.188,0.137,0.068,0.055,0.071,0.017,-0.017,-0.002,0.056,0.021,0.067,0.03,-0.017,-0.032,-0.002,-0.014,0.179,0.189,0.104,0.15,0.078,0.04,0.076,-0.009,0.031,-0.027,0.023,-0.028,0.153,0.086,-0.074,-0.058,-0.062,-0.02,-0.038,-0.051,-0.078,-0.081,-0.084,-0.102,-0.103,-0.077,-0.101,-0.009,0.349,0.071,-0.011,0.072,0.042,-0.008,-0.01,0.03,-0.007,-0.052,-0.031,-0.025,-0.065,-0.059,-0.027,0.003,-0.066,-0.051,-0.041,-0.039,-0.028,-0.025,-0.024,-0.058,0.012,-0.033,0.019,-0.033,-0.035,-0.022,0.041,0.017,-0.07,-0.017,-0.016,-0.041,-0.072,-0.082,-0.085,-0.084,-0.103,0.02,-0.088,-0.061,-0.058,-0.017,-0.051,-0.048,-0.024,-0.037,-0.079,-0.067,-0.077,-0.012,-0.047,-0.017,0.168,0.522,0.052,-0.01,0.09,0.005,-0.042,0.043,-0.043,-0.058,-0.075,-0.091,-0.078,-0.086,-0.098,-0.102,-0.101,-0.074,-0.086,-0.037,-0.085,-0.09,-0.042,-0.071,-0.06,-0.09,-0.101,-0.12,-0.117,-0.085,-0.095,-0.035,-0.068,-0.115,-0.12,-0.128,-0.108,-0.119,-0.087,-0.118,-0.126,-0.135,-0.13,-0.102,-0.117,-0.113,-0.023,-0.027,-0.109,-0.127,-0.094

#size = 201
#hit = 4
-0.183,-0.156,-0.151,-0.131,-0.09,-0.055,-0.092,-0.026,-0.013,-0.052,0.422,0.045,0.15,0.139,0.068,0.101,0.006,0.086,0.022,0.12,0.23,0.044,0.103,0.06,0.19,0.084,0.184,0.235,0.231,0.274,0.443,0.201,0.163,0.265,0.459,0.27,0.277,0.198,0.215,0.303,0.097,0.104,0.075,0.177,0.103,0.202,0.169,0.091,0.124,0.342,0.451,0.406,0.443,0.201,0.321,0.284,0.208,0.257,0.118,0.143,0.228,0.095,0.266,0.345,0.251,0.449,0.373,0.299,0.237,0.077,0.166,0.149,0.183,0.138,0.236,0.113,0.193,0.735,0.073,0.123,0.051,0.017,0.013,0.047,0.145,0.038,-0.051,0.025,0.106,0.09,0.183,0.057,0.19,0.337,0.112,0.253,0.075,-0.029,-0.065,-0.07,-0.001,-0.018,-0.019,0.008,0.08,0.057,0.373,0.305,0.14,0.038,-0.037,0.53,0.231,-0.097,-0.093,-0.068,-0.018,0.006,-0.099,-0.105,-0.095,-0.049,-0.038,-0.161,-0.076,-0.164,-0.055,-0.111,-0.139,-0.125,-0.213,-0.23,-0.231,-0.23,-0.181,-0.183,-0.181,-0.177,-0.204,-0.196,-0.217,-0.176,-0.189,-0.186,-0.136,-0.144,-0.164,0.091,-0.028,-0.12,-0.191,-0.145,-0.188,-0.215,-0.192,-0.22,-0.244,-0.252,-0.247,-0.258,-0.222,-0.217,-0.24,-0.223,-0.242,-0.202,-0.215,-0.226,-0.227,-0.248,-0.212,-0.267,-0.267,-0.275,-0.275,-0.274,-0.268,-0.241,-0.227,-0.168,-0.181,-0.194,-0.226,-0.197,-0.232,-0.24,-0.232,-0.247,-0.259,-0.276,-0.267,-0.278,-0.257,-0.266,-0.264,-0.254,-0.243,-0.286,-0.278,-0.277,-0.27

#size = 130
#hit = 3
-0.129,-0.151,-0.151,-0.091,-0.072,-0.043,-0.027,-0.037,-0.048,0.032,0.077,0.145,0.038,-0.04,0.021,-0.062,-0.019,0.1,0.104,0.396,0.167,0.02,0.065,-0.012,-0.046,-0.009,-0.031,-0.035,0.01,0.112,-0.066,0.05,0.204,-0.049,0.036,-0.009,-0.054,-0.038,0.012,-0.015,0.083,0.017,0.079,-0.01,-0.045,0.001,0.183,0.037,0.061,0.054,0.104,0.23,0.079,0.092,0.214,0.356,0.242,0.146,0.08,0.063,0.285,0.409,0.201,0.223,0.125,0.074,0.019,0.005,-0.04,-0.002,0.156,0.091,0.002,0.022,-0.026,0.028,-0.045,-0.055,0.016,0.01,0.081,-0.032,0.016,0.088,0.107,0.094,-0.004,0.056,-0.064,0.065,0.05,0.161,0.013,-0.047,0.417,0.172,-0.065,-0.093,-0.112,-0.118,-0.11,-0.047,-0.071,-0.093,-0.155,-0.158,-0.169,-0.155,-0.097,-0.135,-0.17,-0.191,-0.151,-0.117,-0.114,-0.128,-0.148,-0.157,-0.179,-0.174,-0.18,-0.199,-0.198,-0.196,-0.202,-0.212,-0.211,-0.205,-0.199,-0.183

#size = 191
#hit = 3
-0.038,-0.062,-0.026,-0.005,-0.05,-0.032,-0.049,-0.002,0.08,-0.025,0.095,0.184,0.1,0.133,0.117,0.043,0.047,0.019,0.047,0.048,0.148,0.079,0.058,0.145,0.092,0.123,0.169,0.266,0.246,0.317,0.299,0.405,0.341,0.292,0.126,0.255,0.21,0.089,0.036,0.087,0.094,0.293,0.28,0.25,0.233,0.237,0.171,0.022,0.089,0.017,-0.028,-0.035,0.075,0.063,0.094,0.036,-0.03,-0.052,-0.007,-0.011,0.233,0.233,0.182,0.12,0.111,0.037,0.101,-0.004,0.039,0.026,-0.019,0.006,0.195,-0.043,-0.102,-0.078,-0.047,-0.04,-0.07,-0.111,-0.117,-0.125,-0.142,-0.145,-0.106,-0.14,0.165,0.473,0.034,-0.015,0.092,0.04,0,0.026,-0.075,-0.021,-0.049,-0.084,-0.04,-0.086,-0.051,-0,-0.099,-0.072,-0.06,-0.047,-0.045,-0.036,-0.035,-0.09,0.02,-0.057,0.021,-0.052,-0.035,-0.051,0.042,-0.072,-0.061,-0.027,-0.03,-0.072,-0.127,-0.126,-0.114,-0.134,0.025,-0.121,-0.081,-0.084,-0.038,-0.075,-0.069,-0.04,-0.057,-0.118,-0.1,-0.109,-0.023,-0.072,-0.017,0.222,0.697,0.014,0.072,0.056,-0.015,0.052,-0.028,-0.089,-0.084,-0.129,-0.111,-0.12,-0.126,-0.137,-0.142,-0.104,-0.121,-0.059,-0.11,-0.119,-0.055,-0.1,-0.076,-0.128,-0.137,-0.168,-0.152,-0.124,-0.129,-0.057,-0.128,-0.174,-0.169,-0.154,-0.171,-0.127,-0.135,-0.17,-0.178,-0.18,-0.141,-0.161,-0.159,-0.062,-0.04,-0.152,-0.173,-0.134,-0.16

#size = 240
#hit = 3
0.308,0.588,0.271,0.135,0.244,0.134,0.035,0.028,0.376,0.205,0.388,0.127,0.25,0.283,0.349,0.11,0.201,0.262,0.087,0.233,0.15,0.096,0.164,0.122,0.139,0.075,0.184,0.384,0.446,0.122,0.115,0.184,0.017,-0.067,-0.019,0.137,0.01,-0.07,0.047,0.024,0.073,-0.015,0.029,0.038,0.038,-0.053,0.08,0.094,-0.071,-0.14,-0.007,-0.062,-0.074,-0.093,-0.129,-0.157,-0.173,-0.128,-0.19,-0.147,-0.171,-0.086,-0.091,-0.132,-0.116,-0.17,-0.092,-0.115,-0.168,-0.186,-0.149,-0.182,-0.179,-0.193,-0.157,-0.163,-0.083,-0.092,-0.1,-0.104,-0.094,-0.069,-0.148,-0.154,-0.157,-0.108,-0.124,-0.118,-0.186,-0.19,-0.178,-0.194,-0.159,-0.157,-0.177,-0.176,-0.138,-0.186,-0.153,-0.154,-0.159,-0.087,-0.126,-0.137,-0.114,-0.203,-0.12,-0.113,-0.115,-0.157,-0.112,-0.16,-0.111,-0.139,-0.173,-0.124,-0.159,-0.061,-0.001,-0.05,-0.055,-0.033,-0.122,-0.087,-0.099,-0.127,-0.143,-0.167,-0.104,-0.168,-0.027,-0.098,-0.134,-0.121,-0.118,-0.118,-0.122,-0.088,-0.172,-0.115,-0.105,-0.164,-0.119,-0.174,-0.118,-0.189,-0.113,-0.108,-0.213,-0.149,-0.18,-0.217,-0.212,-0.113,-0.184,-0.189,-0.14,-0.174,-0.115,-0.156,-0.139,-0.059,-0.094,-0.118,-0.13,-0.134,-0.132,-0.167,-0.038,-0.141,-0.107,-0.182,-0.174,-0.144,-0.143,-0.16,-0.144,-0.119,-0.098,-0.211,-0.16,-0.2,-0.124,-0.215,-0.215,-0.231,-0.217,-0.204,-0.203,-0.229,-0.203,-0.195,-0.222,-0.26,-0.247,-0.252,-0.285,-0.278,-0.293,-0.291,-0.256,-0.142,-0.042,-0.147,-0.029,-0.035,0.065,0.014,0.08,0.128,0.363,0.438,0.346,0.669,0.554,0.663,0.521,0.351,0.342,0.441,0.287,0.623,0.161,0.74,0.391,0.459,0.257,0.541,0.154,0.566,0.209,0.887,0.674,0.876,0.622,0.461,0.848,0.853,0.36,0.594

#size = 168
#hit = 2
0.023,0.035,0.033,0.108,0.062,0.046,0.122,0.075,0.084,0.166,0.237,0.123,0.239,0.309,0.214,0.219,0.139,0.097,0.19,0.112,0.01,0.068,0.077,0.22,0.217,0.196,0.044,0.205,0.138,0.024,0.07,0.016,-0.021,-0.001,0.052,0.047,0.072,0.017,-0.039,-0.007,-0.013,0.017,0.176,0.183,0.146,0.077,0.039,0.078,0.007,0.029,0.021,-0.013,-0.035,0.148,0.019,-0.077,-0.059,-0.04,-0.024,-0.042,-0.082,-0.081,-0.089,-0.103,-0.103,-0.08,-0.09,0.308,0.231,0.02,-0.021,0.07,0.036,-0.004,0.022,-0.019,-0.056,-0.031,-0.027,-0.067,-0.029,0.005,-0.031,-0.062,-0.058,-0.044,-0.041,-0.024,-0.027,-0.06,0.009,-0.043,0.018,-0.035,-0.025,-0.033,0.048,-0.05,-0.032,-0.018,-0.029,-0.051,-0.093,-0.082,-0.085,-0.102,0.017,-0.075,-0.062,-0.052,-0.038,-0.049,-0.016,-0.039,-0.087,-0.078,-0.073,-0.021,-0.046,-0.018,0.167,0.521,0.047,0.011,0.035,-0.008,0.042,-0.018,-0.066,-0.059,-0.093,-0.081,-0.087,-0.1,-0.107,-0.102,-0.076,-0.063,-0.055,-0.074,-0.098,-0.045,-0.054,-0.09,-0.102,-0.104,-0.123,-0.095,-0.1,-0.038,-0.078,-0.117,-0.124,-0.113,-0.123,-0.092,-0.103,-0.131,-0.133,-0.134,-0.106,-0.119,-0.115,-0.019,-0.054,-0.113,-0.112,-0.098

#size = 185
#hit = 2
0.003,0.066,0.045,0.089,0.054,-0.004,0.032,0.1,0.04,0.069,0.139,0.112,0.118,0.168,0.247,0.089,0.059,0.152,0.282,0.151,0.057,0.162,0.087,0.194,-0.011,0.07,0.056,0.017,0.101,0.034,0.114,0.095,0.049,0.059,0.205,0.117,0.256,0.24,0.276,0.091,0.169,0.183,0.135,0.128,0.142,0.063,0.081,0.116,0.083,0.157,0.099,0.182,0.183,0.282,0.217,0.182,0.146,0.035,0.093,0.051,0.101,0.106,0.088,0.126,0.06,0.105,0.453,0.032,0.076,0.031,-0.006,0.024,-0.002,0.043,0.082,0.013,-0.042,-0.011,0.021,0.048,0.045,0.111,0.054,0.077,0.217,0.054,0.155,0.035,-0.039,-0.03,-0.057,-0.072,0.002,-0.037,-0.022,-0.009,0.013,0.007,0.069,0.241,0.083,0.022,-0.025,-0.036,0.314,0.133,0.018,-0.089,-0.054,-0.09,-0.021,-0.01,-0.072,-0.075,-0.086,-0.046,-0.062,-0.074,-0.058,-0.1,-0.099,-0.048,-0.088,-0.119,-0.09,-0.149,-0.148,-0.165,-0.154,-0.151,-0.122,-0.117,-0.144,-0.123,-0.14,-0.133,-0.147,-0.122,-0.132,-0.139,-0.127,-0.098,-0.1,-0.118,0.037,0.009,-0.079,-0.116,-0.127,-0.108,-0.139,-0.158,-0.132,-0.149,-0.163,-0.177,-0.164,-0.168,-0.149,-0.158,-0.147,-0.164,-0.153,-0.171,-0.131,-0.147,-0.15,-0.155,-0.154,-0.167,-0.146,-0.18,-0.18,-0.184,-0.184,-0.188,-0.184,-0.179,-0.163,-0.145,-0.118,-0.122,-0.132,-0.151,-0.133

#size = 136
#hit = 1
-0.182,-0.17,-0.114,-0.147,-0.159,-0.144,-0.174,-0.096,-0.092,-0.061,0,-0.081,-0.04,-0.015,0.046,0.088,0.168,-0.023,-0.082,0.028,-0.017,0.022,0.048,0.435,0.333,0.104,0.058,0.026,-0.044,-0.037,-0.011,-0.029,-0.045,0.094,0.05,-0.022,0.119,0.236,-0.01,0.033,-0.01,-0.052,-0.004,0.016,-0.036,0.1,0.096,-0.009,-0.005,-0.043,0.04,0.199,0.052,0.07,0.064,0.116,0.263,0.092,0.116,0.243,0.398,0.23,0.194,0.089,0.111,0.248,0.462,0.248,0.273,0.15,0.093,0.039,0.011,-0.05,0.007,0.178,0.104,0.118,0.035,-0.028,0.011,-0.017,-0.052,-0.003,0.021,0.115,-0.003,-0.018,0.048,0.106,0.175,0.051,0.034,0.022,0.061,0.079,0.061,0.19,-0.043,-0.027,0.46,-0.028,-0.08,-0.097,-0.109,-0.134,-0.048,-0.103,-0.072,-0.1,-0.157,-0.194,-0.189,-0.168,-0.099,-0.148,-0.186,-0.212,-0.172,-0.124,-0.127,-0.14,-0.158,-0.17,-0.191,-0.189,-0.195,-0.215,-0.214,-0.227,-0.215,-0.247,-0.232,-0.229,-0.219,-0.201

#size = 171
#hit = 1
-0.245,-0.185,-0.196,-0.085,-0.049,-0.153,-0.183,-0.15,0.037,-0.007,-0.084,-0.093,-0.137,-0.141,-0.167,-0.191,-0.182,-0.193,-0.16,-0.189,-0.163,-0.115,-0.118,-0.156,-0.133,-0.183,-0.111,-0.085,-0.022,0.033,0.007,-0.003,-0.021,0.083,0.153,0.247,0.101,-0.012,0.077,0.026,0.029,0.061,0.106,0.55,0.454,0.189,0.106,0.063,-0.027,-0.019,0.025,-0.006,-0.001,0.053,0.193,-0.063,0.113,0.321,-0.01,0.026,0.094,-0.033,-0.036,0.027,0.073,-0.044,0.164,0.152,0.033,0.031,-0.031,0.092,0.269,0.097,0.126,0.116,0.192,0.356,0.061,0.185,0.345,0.535,0.34,0.282,0.243,0.153,0.11,0.59,0.386,0.276,0.295,0.215,0.156,0.077,0.057,-0.011,0.049,0.24,0.17,0.14,0.082,0.009,0.057,0.02,-0.019,0.005,0.066,0.177,0.034,0.019,0.064,0.156,0.2,0.188,0.038,0.121,-0.041,0.121,0.098,0.273,0.118,-0.041,0.585,0.466,-0.04,-0.063,-0.071,-0.111,-0.172,-0.018,-0.094,-0.049,-0.084,-0.171,-0.162,-0.193,-0.166,-0.091,-0.096,-0.181,-0.22,-0.171,-0.111,-0.108,-0.159,-0.134,-0.162,-0.174,-0.205,-0.206,-0.198,-0.226,-0.226,-0.222,-0.232,-0.258,-0.244,-0.233,-0.222,-0.204,-0.232,-0.251,-0.237,-0.218,-0.254,-0.243,-0.257,-0.257,-0.272,-0.24,-0.244

#size = 142
#hit = 1
-0.133,-0.161,-0.113,-0.088,-0.046,-0,-0.061,-0.034,-0.047,0.036,0.086,0.153,0.066,-0.039,-0.06,0.035,-0.013,0.024,0.045,0.39,0.373,0.201,0.023,0.072,-0.005,-0.044,-0.012,-0.025,-0.029,0.012,0.066,0.051,-0.017,0.115,0.214,-0.025,0.034,-0.007,-0.048,-0.044,0.015,-0.013,0.022,0.083,0.085,-0.008,-0.008,-0.05,0.052,0.191,0.047,0.07,0.058,0.108,0.244,0.014,0.104,0.233,0.367,0.274,0.187,0.152,0.09,0.064,0.252,0.43,0.22,0.268,0.136,0.089,0.032,-0.019,0.014,-0.009,0.008,0.157,0.095,0.004,0.026,-0.02,0.03,-0.036,-0.046,-0.007,0.016,0.103,-0.002,-0.014,0.025,0.106,0.118,0.116,-0,0.047,-0.058,0.069,0.039,0.079,0.133,-0.06,0.001,0.432,0.031,-0.074,-0.085,-0.128,-0.109,-0.106,-0.044,-0.119,-0.068,-0.091,-0.144,-0.18,-0.157,-0.182,-0.094,-0.15,-0.173,-0.199,-0.158,-0.111,-0.113,-0.139,-0.14,-0.151,-0.163,-0.186,-0.185,-0.182,-0.203,-0.202,-0.199,-0.206,-0.229,-0.214,-0.213,-0.198,-0.187,-0.206,-0.227,-0.21

#size = 173
#hit = 1
0.022,0.036,0.024,0.107,0.056,0.042,0.106,0.074,0.093,0.128,0.192,0.176,0.23,0.096,0.291,0.205,0.199,0.128,0.103,0.179,0.104,0.011,0.064,0.071,0.21,0.203,0.064,0.179,0.196,0.128,0.063,0.067,-0.018,0.013,-0.009,0.032,0.044,0.04,0.061,0.019,-0.04,-0.009,-0.014,0.017,0.168,0.168,0.139,0.079,0.083,0.022,0.077,0.008,0.026,0.02,-0.012,-0.012,0.136,-0.03,-0.069,-0.052,-0.03,-0.027,-0.042,-0.078,-0.079,-0.086,-0.084,-0.103,-0.075,-0.088,-0.076,0.303,0.064,-0.012,0.066,0.038,-0.016,-0.004,0.023,-0.011,-0.052,-0.028,-0.026,-0.065,-0.028,-0.017,-0.001,-0.059,-0.055,-0.043,-0.045,-0.029,-0.036,-0.023,-0.057,0.012,-0.036,0.017,-0.034,-0.024,-0.031,0.039,-0.051,-0.037,-0.018,-0.019,-0.049,-0.086,-0.091,-0.081,-0.09,0.012,-0.088,-0.064,-0.058,-0.05,-0.033,-0.046,-0.028,-0.033,-0.085,-0.076,-0.067,-0.008,-0.05,-0.006,0.143,0.477,0.103,-0.007,0.045,0.002,-0.041,0.039,-0.034,-0.058,-0.074,-0.089,-0.077,-0.081,-0.094,-0.1,-0.098,-0.073,-0.086,-0.046,-0.074,-0.087,-0.043,-0.069,-0.06,-0.089,-0.096,-0.115,-0.107,-0.087,-0.094,-0.039,-0.086,-0.118,-0.116,-0.115,-0.111,-0.087,-0.097,-0.118,-0.123,-0.128,-0.11,-0.099,-0.114,-0.04,-0.024

#size = 132
#hit = 1
-0.14,-0.179,-0.12,-0.097,-0.052,-0.002,-0.061,-0.04,-0.021,0.039,0.081,0.156,0.033,-0.07,0.028,-0.067,-0.017,0.098,0.139,0.435,0.2,0.018,0.066,-0.009,-0.045,-0.009,-0.03,-0.041,0.008,0.14,-0.071,0.057,0.216,-0.047,-0.013,0.029,-0.062,-0.048,0.019,-0.017,0.091,0.039,0.079,-0.027,-0.027,-0.04,0.198,0.056,0.016,0.076,0.109,0.245,0.033,0.113,0.234,0.366,0.286,0.19,0.165,0.101,0.067,0.436,0.221,0.254,0.139,0.097,0.031,0.004,0.011,-0.008,0.085,0.123,0.095,-0.001,0.032,-0.062,0.034,-0.052,-0.002,0.018,0.105,-0.02,-0.008,0.016,0.101,0.111,0.094,0.002,0.06,-0.066,0.079,0.025,0.171,0.013,-0.046,0.441,0.18,-0.068,-0.1,-0.141,-0.12,-0.121,-0.053,-0.125,-0.064,-0.166,-0.163,-0.192,-0.164,-0.103,-0.103,-0.176,-0.209,-0.165,-0.118,-0.124,-0.144,-0.146,-0.161,-0.17,-0.185,-0.191,-0.208,-0.203,-0.22,-0.213,-0.221,-0.223,-0.217,-0.208,-0.203,-0.199

#size = 206
#hit = 1
-0.058,-0.022,-0.014,-0.022,0.367,0.023,0.126,0.117,0.058,0.065,-0.028,0.044,0.066,0.024,0.096,0.187,0.083,0.009,0.052,0.148,0.073,0.112,0.199,0.157,0.162,0.236,0.339,0.129,0.094,0.221,0.392,0.216,0.229,0.117,0.179,0.253,0.071,0.052,0.08,0.063,0.146,0.029,0.166,0.1,0.081,0.092,0.285,0.368,0.33,0.396,0.245,0.232,0.254,0.201,0.207,0.208,0.107,0.11,0.184,0.127,0.225,0.227,0.236,0.266,0.373,0.335,0.199,0.118,0.116,0.067,0.119,0.152,0.078,0.196,0.006,0.119,0.111,0.616,0.127,0.066,0.007,0.047,-0.011,0.036,0.117,0.033,-0.02,-0.059,0.05,0.076,0.076,0.132,0.081,0.105,0.293,0.189,0.066,0.064,-0.035,-0.062,-0.062,-0.097,0.016,-0.061,0.007,-0.033,0.068,0.06,0.31,0.253,0.116,0.013,-0.067,-0.022,0.436,0.042,-0.092,-0.069,-0.08,-0.018,0,-0.086,-0.09,-0.093,-0.046,-0.032,-0.136,-0.068,-0.128,-0.065,-0.057,-0.118,-0.143,-0.104,-0.184,-0.196,-0.194,-0.188,-0.174,-0.152,-0.159,-0.151,-0.173,-0.168,-0.174,-0.187,-0.151,-0.16,-0.149,-0.119,-0.102,-0.145,0.059,0.038,-0.099,-0.141,-0.156,-0.126,-0.17,-0.183,-0.162,-0.184,-0.204,-0.228,-0.208,-0.223,-0.186,-0.183,-0.204,-0.191,-0.192,-0.196,-0.168,-0.175,-0.191,-0.192,-0.21,-0.179,-0.225,-0.226,-0.23,-0.234,-0.237,-0.231,-0.233,-0.206,-0.181,-0.143,-0.149,-0.165,-0.189,-0.168,-0.206,-0.194,-0.212,-0.2,-0.224,-0.22,-0.232,-0.227,-0.237,-0.233,-0.218,-0.225,-0.225,-0.206

#size = 141
#hit = 1
-0.133,-0.169,-0.113,-0.094,-0.049,-0.038,-0.024,-0.039,-0.052,-0.017,0.037,0.081,0.154,-0.02,-0.067,0.035,-0.069,-0.002,0.096,0.017,0.404,0.204,0.05,0.034,0.02,-0.046,-0.042,-0.003,-0.027,-0.035,0.011,0.127,-0.081,0.011,0.145,0.164,-0.004,0.021,-0.044,-0.055,-0.003,0.016,-0.016,0.088,0.021,0.09,-0.023,-0.023,-0.034,0.147,0.173,0.042,0.064,0.055,0.111,0.237,0.012,0.108,0.222,0.362,0.289,0.181,0.152,0.079,0.066,0.234,0.414,0.225,0.236,0.134,0.093,0.033,0.004,0.009,-0.065,0.001,0.16,0.092,0.004,0.027,-0.022,0.019,-0.015,-0.048,-0.004,0.016,0.1,-0.027,-0.025,-0.034,0.087,0.018,0.164,0.024,0.029,0.027,0.053,0.067,0.056,0.166,0.022,-0.07,0.431,0.195,-0.057,-0.09,-0.117,-0.116,-0.158,-0.043,-0.096,-0.068,-0.092,-0.158,-0.16,-0.176,-0.153,-0.174,-0.088,-0.162,-0.171,-0.165,-0.157,-0.114,-0.125,-0.145,-0.14,-0.154,-0.176,-0.176,-0.178,-0.193,-0.208,-0.195,-0.2,-0.203,-0.223,-0.213,-0.21,-0.193,-0.185
