#size = 230
#hit = 8
0.206, 0.18, 0.244, 0.22, 0.191, 0.215, 0.203, 0.247, 0.338, 0.223, 0.456, 0.388, 0.353, 0.406, 0.39, 0.321, 0.282, 0.285, 0.303, 0.309, 0.428, 0.348, 0.321, 0.446, 0.373, 0.414, 0.507, 0.589, 0.471, 0.623, 0.617, 0.728, 0.661, 0.568, 0.411, 0.546, 0.496, 0.357, 0.293, 0.355, 0.382, 0.631, 0.552, 0.56, 0.533, 0.609, 0.481, 0.294, 0.358, 0.272, 0.222, 0.249, 0.337, 0.311, 0.366, 0.291, 0.192, 0.192, 0.255, 0.241, 0.528, 0.533, 0.488, 0.394, 0.39, 0.317, 0.381, 0.251, 0.297, 0.278, 0.226, 0.228, 0.475, 0.135, 0.135, 0.16, 0.213, 0.188, 0.164, 0.12, 0.117, 0.114, 0.078, 0.087, 0.126, 0.11, 0.772, 0.633, 0.288, 0.234, 0.364, 0.304, 0.257, 0.29, 0.185, 0.241, 0.201, 0.161, 0.204, 0.15, 0.199, 0.275, 0.142, 0.164, 0.177, 0.188, 0.187, 0.21, 0.206, 0.16, 0.274, 0.192, 0.28, 0.194, 0.21, 0.212, 0.329, 0.166, 0.199, 0.221, 0.219, 0.169, 0.105, 0.104, 0.114, 0.092, 0.273, 0.113, 0.148, 0.162, 0.21, 0.168, 0.182, 0.214, 0.181, 0.112, 0.14, 0.124, 0.233, 0.175, 0.231, 0.533, 1.1, 0.257, 0.314, 0.312, 0.232, 0.311, 0.227, 0.146, 0.153, 0.105, 0.122, 0.116, 0.091, 0.092, 0.087, 0.128, 0.106, 0.179, 0.126, 0.104, 0.179, 0.136, 0.154, 0.105, 0.113, 0.059, 0.073, 0.108, 0.096, 0.2, 0.107, 0.049, 0.058, 0.071, 0.055, 0.105, 0.073, 0.044, 0.046, 0.041, 0.086, 0.062, 0.071, 0.214, 0.194, 0.072, 0.049, 0.096, 0.055, 0.049, 0.049, 0.039, 0.029, 0.056, 0.036, 0.026, 0.025, 0.032, 0.059, 0.023, 0.03, 0.043, 0.026, 0.019, 0.035, 0.048, 0.062, 0.047, 0.026, 0.098, 0.154, 0.157, 0.062, 0.05, 0.047, 0.101, 0.078, 0.047, 0.061, 0.023, 0.031, 0.033, 0.083, 0, 0, 0, 0, 0, 

#size = 219
#hit = 8
0.187, 0.159, 0.197, 0.218, 0.262, 0.304, 0.265, 0.337, 0.33, 0.313, 0.771, 0.709, 0.492, 0.556, 0.406, 0.44, 0.424, 0.432, 0.469, 0.44, 0.525, 0.624, 0.498, 0.416, 0.446, 0.57, 0.472, 0.515, 0.642, 0.612, 0.589, 0.861, 0.653, 0.554, 0.661, 0.902, 0.833, 0.592, 0.681, 0.507, 0.751, 0.39, 0.519, 0.493, 0.422, 0.565, 0.487, 0.596, 0.558, 0.486, 0.481, 0.767, 0.86, 0.778, 0.9, 0.797, 0.696, 0.76, 0.655, 0.659, 0.665, 0.536, 0.55, 0.596, 0.517, 0.696, 0.743, 0.664, 0.909, 0.823, 0.738, 0.669, 0.434, 0.566, 0.497, 0.539, 0.586, 0.545, 0.612, 0.528, 0.579, 1.21, 0.566, 0.469, 0.424, 0.392, 0.386, 0.367, 0.511, 0.566, 0.348, 0.303, 0.452, 0.479, 0.481, 0.577, 0.573, 0.474, 0.821, 0.668, 0.462, 0.472, 0.324, 0.3, 0.294, 0.363, 0.343, 0.339, 0.373, 0.415, 0.387, 0.51, 0.822, 0.536, 0.432, 0.343, 0.321, 0.958, 0.63, 0.257, 0.281, 0.265, 0.347, 0.374, 0.264, 0.257, 0.236, 0.318, 0.326, 0.181, 0.278, 0.199, 0.314, 0.283, 0.205, 0.156, 0.225, 0.118, 0.095, 0.103, 0.116, 0.161, 0.157, 0.161, 0.161, 0.132, 0.143, 0.121, 0.167, 0.148, 0.159, 0.17, 0.221, 0.195, 0.196, 0.476, 0.237, 0.18, 0.158, 0.199, 0.136, 0.108, 0.149, 0.115, 0.093, 0.061, 0.091, 0.066, 0.115, 0.122, 0.093, 0.108, 0.106, 0.104, 0.155, 0.126, 0.109, 0.106, 0.086, 0.125, 0.063, 0.06, 0.054, 0.052, 0.052, 0.055, 0.074, 0.134, 0.176, 0.164, 0.17, 0.135, 0.145, 0.104, 0.101, 0.084, 0.1, 0.078, 0.071, 0.054, 0.059, 0.046, 0.052, 0.074, 0.064, 0.08, 0.09, 0.063, 0.042, 0.055, 0.057, 0.056, 0.049, 0.085, 0, 0, 0, 0, 0, 

#size = 185
#hit = 6
0.0761, 0.073, 0.068, 0.066, 0.138, 0.19, 0.3, 0.162, 0.155, 0.167, 0.343, 0.36, 0.319, 0.248, 0.17, 0.203, 0.164, 0.127, 0.141, 0.128, 0.166, 0.137, 0.141, 0.192, 0.221, 0.175, 0.195, 0.14, 0.225, 0.257, 0.329, 0.345, 0.366, 0.358, 0.334, 0.462, 0.549, 0.648, 0.48, 0.347, 0.454, 0.375, 0.404, 0.462, 0.477, 1.08, 0.756, 0.498, 0.485, 0.449, 0.337, 0.382, 0.387, 0.376, 0.413, 0.522, 0.494, 0.378, 0.585, 0.748, 0.375, 0.46, 0.398, 0.34, 0.348, 0.436, 0.394, 0.548, 0.48, 0.54, 0.377, 0.355, 0.365, 0.726, 0.507, 0.376, 0.526, 0.565, 0.789, 0.465, 0.604, 0.777, 1.03, 0.849, 0.702, 0.648, 0.544, 0.509, 1.05, 0.843, 0.744, 0.857, 0.631, 0.545, 0.457, 0.43, 0.352, 0.418, 0.674, 0.624, 0.424, 0.467, 0.384, 0.436, 0.351, 0.332, 0.4, 0.438, 0.575, 0.408, 0.383, 0.473, 0.583, 0.672, 0.499, 0.433, 0.504, 0.5, 0.521, 0.499, 0.677, 0.426, 0.336, 1.08, 0.683, 0.316, 0.278, 0.203, 0.23, 0.245, 0.342, 0.221, 0.315, 0.163, 0.16, 0.133, 0.161, 0.128, 0.267, 0.144, 0.131, 0.156, 0.171, 0.229, 0.212, 0.205, 0.166, 0.148, 0.115, 0.111, 0.12, 0.092, 0.1, 0.092, 0.082, 0.046, 0.068, 0.08, 0.103, 0.111, 0.081, 0.058, 0.075, 0.098, 0.055, 0.067, 0.054, 0.054, 0.028, 0.076, 0.059, 0.042, 0.053, 0.028, 0.035, 0.034, 0.061, 0.04, 0.033, 0.079, 0, 0, 0, 0, 0, 

